,Patient_num,Date,Y_pred,Y_label:
0,23.0,15.0,0.45604348,0.0
1,30.0,11.0,0.5012849,0.0
2,46.0,7.0,0.45188355,0.0
3,51.0,9.0,0.44115746,0.0
4,60.0,1.0,0.58898187,0.0
5,60.0,2.0,0.63543594,0.0
6,60.0,15.0,0.6485366,0.0
7,60.0,18.0,0.75095034,0.0
8,60.0,19.0,0.76349616,0.0
9,60.0,25.0,0.86696196,1.0
10,60.0,26.0,0.84260076,1.0
11,60.0,27.0,0.89680654,1.0
12,60.0,28.0,0.91463864,1.0
13,60.0,30.0,0.9085926,1.0
14,60.0,31.0,0.8865696,1.0
15,60.0,32.0,0.87480193,1.0
16,68.0,7.0,0.44880956,0.0
17,68.0,25.0,0.41381982,0.0
18,138.0,3.0,0.45227322,0.0
19,151.0,6.0,0.45579633,0.0
20,153.0,5.0,0.7160915,0.0
21,153.0,8.0,0.9173797,1.0
22,153.0,9.0,0.96305865,1.0
23,153.0,10.0,0.9602979,1.0
24,153.0,11.0,0.9717845,1.0
25,153.0,12.0,0.972359,1.0
26,153.0,13.0,0.96468276,1.0
27,153.0,14.0,0.9696609,1.0
28,153.0,15.0,0.96848565,1.0
29,153.0,16.0,0.97286665,1.0
30,153.0,17.0,0.9741858,1.0
31,153.0,18.0,0.9694564,1.0
32,153.0,20.0,0.9669238,1.0
33,153.0,21.0,0.9610603,1.0
34,153.0,22.0,0.95896983,1.0
35,153.0,23.0,0.94728947,1.0
36,153.0,24.0,0.932985,1.0
37,153.0,25.0,0.9098105,1.0
38,153.0,26.0,0.8888903,1.0
39,173.0,2.0,0.70859313,0.0
40,173.0,12.0,0.83966243,0.0
41,173.0,15.0,0.94580764,1.0
42,173.0,16.0,0.9665577,1.0
43,173.0,17.0,0.9679969,1.0
44,173.0,18.0,0.9689144,1.0
45,173.0,19.0,0.97163206,1.0
46,173.0,20.0,0.9634942,1.0
47,173.0,21.0,0.95734257,1.0
48,173.0,22.0,0.93449515,1.0
49,173.0,23.0,0.9074784,1.0
50,173.0,25.0,0.8861561,1.0
51,173.0,26.0,0.85549694,1.0
52,189.0,6.0,0.47496665,0.0
53,189.0,15.0,0.44822323,0.0
54,209.0,14.0,0.45225716,0.0
55,226.0,1.0,0.44821313,0.0
56,226.0,11.0,0.41142553,0.0
57,265.0,7.0,0.43899685,0.0
58,265.0,16.0,0.45430064,0.0
59,277.0,9.0,0.45304468,0.0
60,277.0,13.0,0.41960606,0.0
61,277.0,16.0,0.4015897,0.0
62,324.0,23.0,0.7871988,0.0
63,324.0,25.0,0.9390218,1.0
64,324.0,26.0,0.95134777,1.0
65,324.0,27.0,0.9654011,1.0
66,324.0,28.0,0.9626979,1.0
67,324.0,30.0,0.9554539,1.0
68,324.0,31.0,0.9492511,1.0
69,324.0,32.0,0.93179643,1.0
70,324.0,33.0,0.9076254,1.0
71,336.0,5.0,0.43382624,0.0
72,336.0,13.0,0.39644566,0.0
73,336.0,15.0,0.35690427,0.0
74,336.0,18.0,0.33894017,0.0
75,336.0,20.0,0.33256632,0.0
76,336.0,24.0,0.3560499,0.0
77,348.0,6.0,0.43969738,0.0
78,348.0,20.0,0.40387207,0.0
79,377.0,5.0,0.50439394,0.0
80,377.0,8.0,0.5377383,0.0
81,428.0,5.0,0.85008705,1.0
82,428.0,6.0,0.9671135,1.0
83,428.0,7.0,0.9705536,1.0
84,428.0,8.0,0.97501165,1.0
85,428.0,9.0,0.97688097,1.0
86,428.0,11.0,0.9779394,1.0
87,428.0,12.0,0.9703802,1.0
88,428.0,13.0,0.9649698,1.0
89,428.0,15.0,0.96125007,1.0
90,428.0,17.0,0.95151764,1.0
91,428.0,18.0,0.93115324,1.0
92,428.0,19.0,0.9101561,1.0
93,428.0,20.0,0.875078,1.0
94,464.0,13.0,0.7356835,1.0
95,464.0,14.0,0.8310846,1.0
96,464.0,15.0,0.8537841,1.0
97,464.0,16.0,0.8427643,1.0
98,469.0,2.0,0.72545093,0.0
99,469.0,9.0,0.90272295,1.0
100,469.0,10.0,0.9474558,1.0
101,469.0,11.0,0.9566033,1.0
102,469.0,12.0,0.9633948,1.0
103,469.0,13.0,0.9640909,1.0
104,469.0,14.0,0.9702811,1.0
105,469.0,16.0,0.97200125,1.0
106,469.0,17.0,0.970811,1.0
107,469.0,18.0,0.97171277,1.0
108,469.0,19.0,0.9652826,1.0
109,469.0,20.0,0.9554715,1.0
110,469.0,21.0,0.94631547,1.0
111,469.0,22.0,0.94971526,1.0
112,469.0,23.0,0.9525575,1.0
113,469.0,24.0,0.9502321,1.0
114,469.0,25.0,0.9516027,1.0
115,469.0,26.0,0.9450707,1.0
116,469.0,27.0,0.9375469,1.0
117,469.0,28.0,0.9159838,1.0
118,469.0,29.0,0.9052309,1.0
119,469.0,30.0,0.88268673,1.0
120,469.0,31.0,0.8565141,1.0
121,469.0,32.0,0.8165988,1.0
122,476.0,4.0,0.6148915,0.0
123,476.0,8.0,0.5904592,0.0
124,476.0,9.0,0.64562875,0.0
125,476.0,13.0,0.6562333,0.0
126,476.0,16.0,0.75739855,1.0
127,476.0,17.0,0.84982884,1.0
128,476.0,18.0,0.85911673,1.0
129,476.0,19.0,0.8638417,1.0
130,476.0,20.0,0.84575456,1.0
131,480.0,4.0,0.55548614,0.0
132,480.0,7.0,0.591187,0.0
133,480.0,8.0,0.6023846,0.0
134,480.0,21.0,0.76323533,1.0
135,480.0,22.0,0.7901755,1.0
136,480.0,23.0,0.84157884,1.0
137,480.0,24.0,0.8540621,1.0
138,480.0,25.0,0.8552967,1.0
139,480.0,27.0,0.8347551,1.0
140,494.0,2.0,0.51754284,0.0
141,494.0,5.0,0.48903129,0.0
142,494.0,19.0,0.4838246,0.0
143,494.0,20.0,0.44567993,0.0
144,494.0,23.0,0.44138098,0.0
145,516.0,2.0,0.45745018,0.0
146,516.0,9.0,0.42772928,0.0
147,516.0,16.0,0.4040594,0.0
148,532.0,10.0,0.8609876,1.0
149,532.0,12.0,0.9685121,1.0
150,532.0,13.0,0.98000896,1.0
151,532.0,14.0,0.9810985,1.0
152,532.0,15.0,0.9804766,1.0
153,532.0,16.0,0.97961146,1.0
154,532.0,17.0,0.97675383,1.0
155,532.0,18.0,0.97244644,1.0
156,532.0,20.0,0.96689814,1.0
157,532.0,21.0,0.95443106,1.0
158,532.0,22.0,0.93614125,1.0
159,532.0,23.0,0.90874463,1.0
160,532.0,24.0,0.8777977,1.0
161,552.0,1.0,0.47521707,0.0
162,552.0,20.0,0.4560998,0.0
163,578.0,7.0,0.8540636,1.0
164,578.0,8.0,0.935355,1.0
165,578.0,9.0,0.9437284,1.0
166,578.0,10.0,0.9369749,1.0
167,578.0,11.0,0.9253216,1.0
168,578.0,13.0,0.8940841,1.0
169,586.0,5.0,0.743099,0.0
170,586.0,7.0,0.92880404,1.0
171,586.0,8.0,0.9640989,1.0
172,586.0,9.0,0.97186726,1.0
173,586.0,10.0,0.974006,1.0
174,586.0,11.0,0.97449636,1.0
175,586.0,12.0,0.9735295,1.0
176,586.0,13.0,0.9743144,1.0
177,586.0,14.0,0.97643363,1.0
178,586.0,15.0,0.96575505,1.0
179,586.0,16.0,0.95725626,1.0
180,586.0,17.0,0.9622331,1.0
181,586.0,18.0,0.95496106,1.0
182,586.0,19.0,0.94529635,1.0
183,586.0,20.0,0.9468222,1.0
184,586.0,21.0,0.943355,1.0
185,586.0,22.0,0.9329262,1.0
186,586.0,23.0,0.9139021,1.0
187,586.0,24.0,0.88163173,1.0
188,586.0,25.0,0.85585064,1.0
189,630.0,14.0,0.44784802,0.0
190,649.0,2.0,0.4401897,0.0
191,649.0,5.0,0.38983238,0.0
192,649.0,7.0,0.4232246,0.0
193,649.0,14.0,0.40265784,0.0
194,666.0,6.0,0.47469229,0.0
195,666.0,17.0,0.45286804,0.0
196,671.0,1.0,0.43926257,0.0
197,671.0,5.0,0.4021279,0.0
198,687.0,4.0,0.8312269,1.0
199,687.0,5.0,0.9104322,1.0
200,687.0,6.0,0.91352254,1.0
201,687.0,7.0,0.9058978,1.0
202,687.0,8.0,0.8869603,1.0
203,727.0,6.0,0.4751145,0.0
204,727.0,9.0,0.460472,0.0
205,727.0,14.0,0.42360333,0.0
206,790.0,1.0,0.6220381,0.0
207,790.0,12.0,0.8856245,1.0
208,790.0,13.0,0.9437531,1.0
209,790.0,14.0,0.9634672,1.0
210,790.0,16.0,0.9744265,1.0
211,790.0,17.0,0.9779769,1.0
212,790.0,18.0,0.9720958,1.0
213,790.0,20.0,0.97181296,1.0
214,790.0,21.0,0.9726917,1.0
215,790.0,22.0,0.9699668,1.0
216,790.0,23.0,0.9625375,1.0
217,790.0,24.0,0.9565058,1.0
218,790.0,25.0,0.9390083,1.0
219,790.0,26.0,0.9131872,1.0
220,790.0,27.0,0.8894357,1.0
221,791.0,3.0,0.8071314,1.0
222,791.0,4.0,0.903996,1.0
223,791.0,5.0,0.93640864,1.0
224,791.0,6.0,0.9408053,1.0
225,791.0,7.0,0.94323313,1.0
226,791.0,8.0,0.93120795,1.0
227,791.0,10.0,0.9526137,1.0
228,791.0,11.0,0.94342023,1.0
229,791.0,12.0,0.93131244,1.0
230,791.0,13.0,0.9497425,1.0
231,791.0,14.0,0.94326484,1.0
232,791.0,15.0,0.9449472,1.0
233,791.0,16.0,0.9589941,1.0
234,791.0,17.0,0.95175916,1.0
235,791.0,19.0,0.95429605,1.0
236,791.0,20.0,0.95761657,1.0
237,791.0,21.0,0.95334584,1.0
238,791.0,23.0,0.94202954,1.0
239,791.0,25.0,0.93070966,1.0
240,791.0,26.0,0.9219288,1.0
241,791.0,27.0,0.9102714,1.0
242,791.0,28.0,0.87889564,1.0
243,791.0,29.0,0.84229356,1.0
244,817.0,3.0,0.44433022,0.0
245,817.0,5.0,0.4570766,0.0
246,817.0,7.0,0.4222443,0.0
247,817.0,22.0,0.39591143,0.0
248,832.0,1.0,0.510911,0.0
249,832.0,2.0,0.46349338,0.0
250,832.0,5.0,0.41742408,0.0
251,832.0,13.0,0.39218786,0.0
252,866.0,5.0,0.56253135,0.0
253,866.0,6.0,0.8400813,1.0
254,866.0,7.0,0.944695,1.0
255,866.0,8.0,0.9586707,1.0
256,866.0,9.0,0.9590441,1.0
257,866.0,10.0,0.95856255,1.0
258,866.0,11.0,0.95306206,1.0
259,866.0,12.0,0.9343686,1.0
260,866.0,13.0,0.911516,1.0
261,866.0,14.0,0.8790909,1.0
262,867.0,7.0,0.4471476,0.0
263,867.0,8.0,0.4150177,0.0
264,867.0,17.0,0.39274305,0.0
265,888.0,7.0,0.62847805,0.0
266,888.0,10.0,0.87320584,1.0
267,888.0,11.0,0.9200511,1.0
268,888.0,12.0,0.91950077,1.0
269,888.0,13.0,0.90539354,1.0
270,888.0,14.0,0.8890799,1.0
271,888.0,15.0,0.84957266,1.0
272,902.0,1.0,0.5027169,0.0
273,902.0,19.0,0.46383908,0.0
274,902.0,20.0,0.44579375,0.0
275,902.0,23.0,0.4201608,0.0
276,902.0,28.0,0.38853365,0.0
277,905.0,3.0,0.4987685,0.0
278,905.0,4.0,0.49228677,0.0
279,905.0,20.0,0.52021635,0.0
280,909.0,5.0,0.8950221,1.0
281,909.0,6.0,0.94088554,1.0
282,909.0,7.0,0.96404815,1.0
283,909.0,8.0,0.964804,1.0
284,909.0,9.0,0.9694327,1.0
285,909.0,10.0,0.9770183,1.0
286,909.0,11.0,0.97589433,1.0
287,909.0,12.0,0.9768783,1.0
288,909.0,13.0,0.9820901,1.0
289,909.0,14.0,0.98341364,1.0
290,909.0,15.0,0.97953415,1.0
291,909.0,16.0,0.9807978,1.0
292,909.0,17.0,0.97589684,1.0
293,909.0,19.0,0.9697324,1.0
294,909.0,20.0,0.9703296,1.0
295,909.0,21.0,0.9681312,1.0
296,909.0,22.0,0.9650332,1.0
297,909.0,23.0,0.9615952,1.0
298,909.0,24.0,0.9606884,1.0
299,909.0,25.0,0.9578953,1.0
300,909.0,26.0,0.9422164,1.0
301,909.0,27.0,0.9316686,1.0
302,909.0,28.0,0.9211089,1.0
303,909.0,29.0,0.8879729,1.0
304,909.0,30.0,0.851111,1.0
305,949.0,1.0,0.47564298,0.0
306,949.0,15.0,0.43861058,0.0
307,949.0,18.0,0.4064686,0.0
308,955.0,5.0,0.4356986,0.0
309,955.0,11.0,0.4130195,0.0
310,955.0,15.0,0.4792494,0.0
311,984.0,6.0,0.4819808,0.0
312,984.0,8.0,0.4521672,0.0
313,984.0,9.0,0.41770536,0.0
314,1010.0,1.0,0.6588968,0.0
315,1010.0,17.0,0.80975276,0.0
316,1010.0,18.0,0.95132434,1.0
317,1010.0,20.0,0.96374446,1.0
318,1010.0,21.0,0.9763565,1.0
319,1010.0,23.0,0.97295266,1.0
320,1010.0,24.0,0.97333896,1.0
321,1010.0,25.0,0.9661548,1.0
322,1010.0,26.0,0.9498722,1.0
323,1010.0,27.0,0.938581,1.0
324,1010.0,28.0,0.90990025,1.0
325,1010.0,29.0,0.88101,1.0
326,1014.0,2.0,0.7542903,0.0
327,1014.0,13.0,0.7843737,0.0
328,1014.0,16.0,0.92234063,1.0
329,1014.0,17.0,0.9685306,1.0
330,1014.0,18.0,0.9738989,1.0
331,1014.0,19.0,0.97376245,1.0
332,1014.0,20.0,0.9726543,1.0
333,1014.0,21.0,0.97270197,1.0
334,1014.0,22.0,0.9761668,1.0
335,1014.0,23.0,0.9729101,1.0
336,1014.0,24.0,0.96811813,1.0
337,1014.0,25.0,0.9653765,1.0
338,1014.0,26.0,0.9602749,1.0
339,1014.0,27.0,0.9564552,1.0
340,1014.0,29.0,0.9486294,1.0
341,1014.0,30.0,0.9331145,1.0
342,1014.0,31.0,0.91662955,1.0
343,1014.0,32.0,0.8860172,1.0
344,1026.0,10.0,0.44299555,0.0
345,1026.0,31.0,0.40617025,0.0
346,1030.0,4.0,0.8337408,1.0
347,1030.0,5.0,0.870525,1.0
348,1030.0,7.0,0.9046139,1.0
349,1030.0,8.0,0.9178007,1.0
350,1030.0,11.0,0.8988128,1.0
351,1030.0,12.0,0.875223,1.0
352,1030.0,13.0,0.8310728,1.0
353,1047.0,3.0,0.4412395,0.0
354,1047.0,6.0,0.40520126,0.0
355,1056.0,19.0,0.4741163,0.0
356,1056.0,23.0,0.42591447,0.0
357,1056.0,27.0,0.39166686,0.0
358,1095.0,1.0,0.48303267,0.0
359,1095.0,12.0,0.48541903,0.0
360,1095.0,14.0,0.44036227,0.0
361,1095.0,17.0,0.41996047,0.0
362,1099.0,10.0,0.44441822,0.0
363,1099.0,28.0,0.40636772,0.0
364,1099.0,30.0,0.40051955,0.0
365,1102.0,6.0,0.4416018,0.0
366,1102.0,14.0,0.40246728,0.0
367,1124.0,9.0,0.8713778,1.0
368,1124.0,10.0,0.95384574,1.0
369,1124.0,11.0,0.9591729,1.0
370,1124.0,13.0,0.96476805,1.0
371,1124.0,14.0,0.9692379,1.0
372,1124.0,15.0,0.96656233,1.0
373,1124.0,16.0,0.96892023,1.0
374,1124.0,17.0,0.96975815,1.0
375,1124.0,18.0,0.9690757,1.0
376,1124.0,19.0,0.9616655,1.0
377,1124.0,21.0,0.95844084,1.0
378,1124.0,22.0,0.9512047,1.0
379,1124.0,24.0,0.9463411,1.0
380,1124.0,25.0,0.9336706,1.0
381,1124.0,26.0,0.9202699,1.0
382,1124.0,27.0,0.8954886,1.0
383,1124.0,28.0,0.8606142,1.0
384,1167.0,5.0,0.45257422,0.0
385,1167.0,7.0,0.41287786,0.0
386,1167.0,19.0,0.38455284,0.0
387,1167.0,30.0,0.36744958,0.0
388,1211.0,13.0,0.44780886,0.0
389,1222.0,12.0,0.89109445,1.0
390,1222.0,13.0,0.95859736,1.0
391,1222.0,14.0,0.9622978,1.0
392,1222.0,15.0,0.96936125,1.0
393,1222.0,16.0,0.9790806,1.0
394,1222.0,18.0,0.97648597,1.0
395,1222.0,19.0,0.9742954,1.0
396,1222.0,20.0,0.9712867,1.0
397,1222.0,21.0,0.97240674,1.0
398,1222.0,22.0,0.9720366,1.0
399,1222.0,23.0,0.96959955,1.0
400,1222.0,24.0,0.96834713,1.0
401,1222.0,25.0,0.96578103,1.0
402,1222.0,26.0,0.9583737,1.0
403,1222.0,27.0,0.94405985,1.0
404,1222.0,29.0,0.93020356,1.0
405,1222.0,30.0,0.9104802,1.0
406,1222.0,32.0,0.88039356,1.0
407,1232.0,7.0,0.45080727,0.0
408,1237.0,4.0,0.8340791,1.0
409,1237.0,5.0,0.9543482,1.0
410,1237.0,6.0,0.9687136,1.0
411,1237.0,7.0,0.96666193,1.0
412,1237.0,8.0,0.9652665,1.0
413,1237.0,10.0,0.95499814,1.0
414,1237.0,11.0,0.94987386,1.0
415,1237.0,12.0,0.94678843,1.0
416,1237.0,13.0,0.94572073,1.0
417,1237.0,14.0,0.93125933,1.0
418,1237.0,15.0,0.9218775,1.0
419,1237.0,16.0,0.9016532,1.0
420,1237.0,17.0,0.8791826,1.0
421,1258.0,3.0,0.49051932,0.0
422,1258.0,12.0,0.5112406,0.0
423,1263.0,6.0,0.57857347,0.0
424,1263.0,9.0,0.7324119,0.0
425,1263.0,10.0,0.8230489,1.0
426,1263.0,11.0,0.83737165,1.0
427,1263.0,12.0,0.9085836,1.0
428,1263.0,13.0,0.9281468,1.0
429,1263.0,14.0,0.94844544,1.0
430,1263.0,15.0,0.9553028,1.0
431,1263.0,16.0,0.9589578,1.0
432,1263.0,17.0,0.96130955,1.0
433,1263.0,18.0,0.9524168,1.0
434,1263.0,19.0,0.9488509,1.0
435,1263.0,20.0,0.93700504,1.0
436,1263.0,21.0,0.9216357,1.0
437,1263.0,22.0,0.9143416,1.0
438,1263.0,23.0,0.8896219,1.0
439,1263.0,25.0,0.8492562,1.0
440,1268.0,3.0,0.4659587,0.0
441,1331.0,7.0,0.44232672,0.0
442,1331.0,17.0,0.40222853,0.0
443,1333.0,13.0,0.7288855,0.0
444,1333.0,16.0,0.9082773,1.0
445,1333.0,17.0,0.93693817,1.0
446,1333.0,18.0,0.92966765,1.0
447,1333.0,19.0,0.90957963,1.0
448,1333.0,20.0,0.88941497,1.0
449,1337.0,3.0,0.5763965,0.0
450,1337.0,11.0,0.6054028,0.0
451,1337.0,12.0,0.5615031,0.0
452,1337.0,14.0,0.56406105,0.0
453,1337.0,15.0,0.559607,0.0
454,1342.0,27.0,0.5510253,0.0
455,1344.0,11.0,0.6717666,1.0
456,1344.0,13.0,0.73961097,1.0
457,1344.0,14.0,0.7723108,1.0
458,1344.0,15.0,0.74842626,1.0
459,1384.0,18.0,0.5251572,0.0
460,1384.0,26.0,0.48298985,0.0
461,1392.0,9.0,0.47477308,0.0
462,1392.0,10.0,0.5022235,0.0
463,1392.0,14.0,0.5260135,0.0
464,1392.0,22.0,0.5636913,0.0
465,1392.0,27.0,0.57159096,0.0
466,1404.0,17.0,0.48080045,0.0
467,1405.0,1.0,0.8054531,0.0
468,1405.0,6.0,0.92864805,1.0
469,1405.0,7.0,0.9527898,1.0
470,1405.0,9.0,0.97263485,1.0
471,1405.0,12.0,0.96370435,1.0
472,1405.0,13.0,0.96743405,1.0
473,1405.0,14.0,0.9615072,1.0
474,1405.0,16.0,0.95260906,1.0
475,1405.0,17.0,0.9396297,1.0
476,1405.0,18.0,0.9199417,1.0
477,1405.0,19.0,0.89508104,1.0
478,1447.0,7.0,0.81980807,0.0
479,1447.0,8.0,0.9633326,1.0
480,1447.0,10.0,0.9736795,1.0
481,1447.0,11.0,0.97859955,1.0
482,1447.0,12.0,0.97391605,1.0
483,1447.0,14.0,0.96310204,1.0
484,1447.0,15.0,0.9600937,1.0
485,1447.0,17.0,0.9528864,1.0
486,1447.0,18.0,0.93195695,1.0
487,1447.0,19.0,0.9043243,1.0
488,1475.0,1.0,0.5005102,0.0
489,1475.0,3.0,0.44853762,0.0
490,1475.0,9.0,0.42133442,0.0
491,1506.0,3.0,0.762704,1.0
492,1506.0,4.0,0.9377791,1.0
493,1506.0,5.0,0.96665657,1.0
494,1506.0,7.0,0.9752814,1.0
495,1506.0,8.0,0.9778252,1.0
496,1506.0,9.0,0.97505164,1.0
497,1506.0,10.0,0.97249174,1.0
498,1506.0,11.0,0.9762723,1.0
499,1506.0,12.0,0.9731154,1.0
500,1506.0,13.0,0.9735518,1.0
501,1506.0,14.0,0.96853715,1.0
502,1506.0,15.0,0.96880406,1.0
503,1506.0,16.0,0.96012396,1.0
504,1506.0,18.0,0.9604359,1.0
505,1506.0,19.0,0.9491358,1.0
506,1506.0,20.0,0.951403,1.0
507,1506.0,22.0,0.9475458,1.0
508,1506.0,23.0,0.9425486,1.0
509,1506.0,24.0,0.9312002,1.0
510,1506.0,29.0,0.92332584,1.0
511,1506.0,30.0,0.9040898,1.0
512,1506.0,31.0,0.8906629,1.0
513,1506.0,32.0,0.84837294,1.0
514,1506.0,33.0,0.8253534,1.0
515,1513.0,6.0,0.66434056,0.0
516,1513.0,8.0,0.8884531,1.0
517,1513.0,9.0,0.95925736,1.0
518,1513.0,10.0,0.9704297,1.0
519,1513.0,11.0,0.9723901,1.0
520,1513.0,13.0,0.9639306,1.0
521,1513.0,16.0,0.95323735,1.0
522,1513.0,17.0,0.94577485,1.0
523,1513.0,18.0,0.9181974,1.0
524,1513.0,19.0,0.8887127,1.0
525,1530.0,15.0,0.47621882,0.0
526,1530.0,24.0,0.42843866,0.0
527,1530.0,27.0,0.40189126,0.0
528,1531.0,5.0,0.44744664,0.0
529,1548.0,7.0,0.87738156,1.0
530,1548.0,8.0,0.9539362,1.0
531,1548.0,9.0,0.96333796,1.0
532,1548.0,10.0,0.9703419,1.0
533,1548.0,11.0,0.96851146,1.0
534,1548.0,12.0,0.9731078,1.0
535,1548.0,13.0,0.9706324,1.0
536,1548.0,14.0,0.9695147,1.0
537,1548.0,15.0,0.96211857,1.0
538,1548.0,16.0,0.95949155,1.0
539,1548.0,17.0,0.9517266,1.0
540,1548.0,18.0,0.95153254,1.0
541,1548.0,19.0,0.94344115,1.0
542,1548.0,20.0,0.93841875,1.0
543,1548.0,21.0,0.9225911,1.0
544,1548.0,22.0,0.9080719,1.0
545,1548.0,23.0,0.90148,1.0
546,1548.0,24.0,0.87030834,1.0
547,1548.0,25.0,0.8433053,1.0
548,1558.0,4.0,0.84804493,1.0
549,1558.0,5.0,0.96585757,1.0
550,1558.0,6.0,0.9812118,1.0
551,1558.0,7.0,0.98551404,1.0
552,1558.0,8.0,0.98059225,1.0
553,1558.0,9.0,0.98279613,1.0
554,1558.0,11.0,0.97842556,1.0
555,1558.0,12.0,0.9748999,1.0
556,1558.0,13.0,0.97419995,1.0
557,1558.0,14.0,0.971171,1.0
558,1558.0,15.0,0.9698583,1.0
559,1558.0,16.0,0.95812064,1.0
560,1558.0,17.0,0.9527351,1.0
561,1558.0,18.0,0.94883484,1.0
562,1558.0,19.0,0.9287478,1.0
563,1558.0,20.0,0.9164128,1.0
564,1558.0,21.0,0.89483947,1.0
565,1558.0,22.0,0.8568721,1.0
566,1562.0,9.0,0.49190047,0.0
567,1564.0,1.0,0.47467163,0.0
568,1564.0,3.0,0.4343355,0.0
569,1606.0,11.0,0.4443883,0.0
570,1606.0,20.0,0.41689235,0.0
571,1616.0,9.0,0.51943004,0.0
572,1616.0,14.0,0.51907706,0.0
573,1616.0,17.0,0.4772726,0.0
574,1616.0,18.0,0.46618658,0.0
575,1622.0,3.0,0.4569064,0.0
576,1625.0,1.0,0.6985179,0.0
577,1625.0,6.0,0.9155879,1.0
578,1625.0,7.0,0.95071995,1.0
579,1625.0,8.0,0.9679735,1.0
580,1625.0,9.0,0.97361475,1.0
581,1625.0,10.0,0.9706231,1.0
582,1625.0,12.0,0.9724367,1.0
583,1625.0,13.0,0.9749552,1.0
584,1625.0,14.0,0.9738308,1.0
585,1625.0,15.0,0.97344786,1.0
586,1625.0,16.0,0.968116,1.0
587,1625.0,17.0,0.9692346,1.0
588,1625.0,18.0,0.9601144,1.0
589,1625.0,19.0,0.9591431,1.0
590,1625.0,20.0,0.9551575,1.0
591,1625.0,21.0,0.952752,1.0
592,1625.0,22.0,0.94108653,1.0
593,1625.0,23.0,0.92508656,1.0
594,1625.0,24.0,0.9020562,1.0
595,1642.0,9.0,0.51578623,0.0
596,1642.0,15.0,0.5236808,0.0
597,1642.0,27.0,0.51373017,0.0
598,1650.0,2.0,0.4740326,0.0
599,1650.0,7.0,0.42575076,0.0
600,1650.0,8.0,0.39626503,0.0
601,1652.0,5.0,0.4433009,0.0
602,1653.0,1.0,0.49655455,0.0
603,1653.0,19.0,0.51533616,0.0
604,1653.0,20.0,0.4574,0.0
605,1653.0,21.0,0.40638667,0.0
606,1663.0,8.0,0.4612848,0.0
607,1666.0,2.0,0.44930622,0.0
608,1666.0,4.0,0.40191573,0.0
609,1666.0,6.0,0.3846579,0.0
610,1680.0,6.0,0.46273005,0.0
611,1680.0,10.0,0.44216707,0.0
612,1680.0,11.0,0.5231185,0.0
613,1690.0,14.0,0.44620207,0.0
614,1700.0,4.0,0.8454983,1.0
615,1700.0,5.0,0.9365528,1.0
616,1700.0,7.0,0.9711456,1.0
617,1700.0,8.0,0.9725992,1.0
618,1700.0,10.0,0.9746727,1.0
619,1700.0,11.0,0.9763925,1.0
620,1700.0,12.0,0.977634,1.0
621,1700.0,13.0,0.9803294,1.0
622,1700.0,14.0,0.97964394,1.0
623,1700.0,15.0,0.97722614,1.0
624,1700.0,16.0,0.97597814,1.0
625,1700.0,17.0,0.96583986,1.0
626,1700.0,18.0,0.9672287,1.0
627,1700.0,19.0,0.96299887,1.0
628,1700.0,20.0,0.95719,1.0
629,1700.0,22.0,0.94957334,1.0
630,1700.0,24.0,0.93016195,1.0
631,1700.0,25.0,0.9215473,1.0
632,1700.0,26.0,0.89889014,1.0
633,1700.0,27.0,0.8692968,1.0
634,1701.0,7.0,0.56295043,0.0
635,1701.0,16.0,0.59389627,0.0
636,1701.0,24.0,0.582719,0.0
637,1709.0,7.0,0.46581972,0.0
638,1710.0,3.0,0.67889386,0.0
639,1710.0,9.0,0.87521744,0.0
640,1710.0,13.0,0.9621101,1.0
641,1710.0,15.0,0.9658373,1.0
642,1710.0,16.0,0.97612834,1.0
643,1710.0,17.0,0.97890353,1.0
644,1710.0,18.0,0.97799486,1.0
645,1710.0,20.0,0.9682597,1.0
646,1710.0,21.0,0.9740147,1.0
647,1710.0,22.0,0.96754795,1.0
648,1710.0,23.0,0.96619093,1.0
649,1710.0,24.0,0.96241266,1.0
650,1710.0,25.0,0.9456529,1.0
651,1710.0,26.0,0.9339707,1.0
652,1710.0,27.0,0.9144727,1.0
653,1710.0,28.0,0.8807041,1.0
654,1710.0,29.0,0.8442952,1.0
655,1711.0,8.0,0.50394887,0.0
656,1711.0,9.0,0.46943122,0.0
657,1711.0,19.0,0.46443328,0.0
658,1711.0,22.0,0.46698466,0.0
659,1711.0,24.0,0.44915032,0.0
660,1712.0,6.0,0.5176134,0.0
661,1712.0,11.0,0.5108648,0.0
662,1712.0,13.0,0.55931133,0.0
663,1741.0,14.0,0.7882656,1.0
664,1741.0,16.0,0.8466423,1.0
665,1741.0,17.0,0.92532015,1.0
666,1741.0,18.0,0.94672924,1.0
667,1741.0,19.0,0.94555205,1.0
668,1741.0,20.0,0.93120927,1.0
669,1741.0,21.0,0.9129621,1.0
670,1741.0,22.0,0.90126646,1.0
671,1741.0,23.0,0.9179561,1.0
672,1741.0,24.0,0.9267398,1.0
673,1741.0,25.0,0.92121905,1.0
674,1741.0,27.0,0.90736604,1.0
675,1741.0,28.0,0.90754706,1.0
676,1741.0,29.0,0.89176637,1.0
677,1741.0,30.0,0.8672845,1.0
678,1793.0,5.0,0.6217113,0.0
679,1793.0,16.0,0.72455287,0.0
680,1793.0,17.0,0.8858416,1.0
681,1793.0,18.0,0.9559968,1.0
682,1793.0,19.0,0.9721458,1.0
683,1793.0,20.0,0.97316295,1.0
684,1793.0,23.0,0.97231615,1.0
685,1793.0,24.0,0.96268094,1.0
686,1793.0,25.0,0.967703,1.0
687,1793.0,27.0,0.95915395,1.0
688,1793.0,28.0,0.9562786,1.0
689,1793.0,29.0,0.9416854,1.0
690,1793.0,30.0,0.9405862,1.0
691,1793.0,31.0,0.9140253,1.0
692,1793.0,32.0,0.8932436,1.0
693,1793.0,33.0,0.8530208,1.0
694,1795.0,9.0,0.47183844,0.0
695,1795.0,19.0,0.4418129,0.0
696,1799.0,7.0,0.47001648,0.0
697,1799.0,11.0,0.60017395,1.0
698,1799.0,12.0,0.6699905,1.0
699,1808.0,4.0,0.72970283,0.0
700,1808.0,7.0,0.88520396,1.0
701,1808.0,8.0,0.946534,1.0
702,1808.0,9.0,0.94597536,1.0
703,1808.0,11.0,0.9425918,1.0
704,1808.0,12.0,0.92931896,1.0
705,1808.0,13.0,0.90755713,1.0
706,1808.0,14.0,0.8667838,1.0
707,1819.0,14.0,0.49902272,0.0
708,1819.0,24.0,0.45782828,0.0
709,1825.0,6.0,0.66953903,0.0
710,1825.0,7.0,0.87655914,1.0
711,1825.0,9.0,0.9387181,1.0
712,1825.0,10.0,0.9550142,1.0
713,1825.0,11.0,0.9662824,1.0
714,1825.0,12.0,0.9683201,1.0
715,1825.0,13.0,0.96112055,1.0
716,1825.0,14.0,0.95361155,1.0
717,1825.0,15.0,0.9411194,1.0
718,1825.0,16.0,0.92132145,1.0
719,1825.0,17.0,0.8904616,1.0
720,1825.0,18.0,0.87418085,1.0
721,1846.0,6.0,0.48991495,0.0
722,1846.0,17.0,0.4687945,0.0
723,1862.0,1.0,0.4462506,0.0
724,1862.0,7.0,0.40278676,0.0
725,1862.0,14.0,0.38083997,0.0
726,1862.0,15.0,0.38516667,0.0
727,1864.0,12.0,0.80696535,1.0
728,1864.0,13.0,0.9311353,1.0
729,1864.0,14.0,0.95063406,1.0
730,1864.0,15.0,0.94992477,1.0
731,1864.0,17.0,0.93804616,1.0
732,1864.0,19.0,0.95697737,1.0
733,1864.0,20.0,0.968531,1.0
734,1864.0,21.0,0.96069485,1.0
735,1864.0,22.0,0.9648448,1.0
736,1864.0,23.0,0.96543914,1.0
737,1864.0,24.0,0.96361303,1.0
738,1864.0,25.0,0.9577521,1.0
739,1864.0,27.0,0.94429415,1.0
740,1864.0,28.0,0.93337554,1.0
741,1864.0,29.0,0.9144328,1.0
742,1864.0,30.0,0.88931286,1.0
743,1886.0,2.0,0.7352069,0.0
744,1886.0,3.0,0.93834853,1.0
745,1886.0,4.0,0.969441,1.0
746,1886.0,5.0,0.97645116,1.0
747,1886.0,6.0,0.9763308,1.0
748,1886.0,7.0,0.97469133,1.0
749,1886.0,9.0,0.9726447,1.0
750,1886.0,10.0,0.962789,1.0
751,1886.0,12.0,0.9721497,1.0
752,1886.0,13.0,0.9643257,1.0
753,1886.0,14.0,0.9599225,1.0
754,1886.0,15.0,0.9548126,1.0
755,1886.0,17.0,0.95383185,1.0
756,1886.0,18.0,0.9480843,1.0
757,1886.0,19.0,0.93699133,1.0
758,1886.0,20.0,0.9102592,1.0
759,1886.0,21.0,0.88495135,1.0
760,1886.0,22.0,0.85605115,1.0
761,1928.0,4.0,0.8383014,1.0
762,1928.0,5.0,0.9484494,1.0
763,1928.0,6.0,0.9678265,1.0
764,1928.0,7.0,0.9703254,1.0
765,1928.0,8.0,0.967601,1.0
766,1928.0,9.0,0.96500725,1.0
767,1928.0,11.0,0.9749859,1.0
768,1928.0,12.0,0.97108287,1.0
769,1928.0,13.0,0.9628511,1.0
770,1928.0,14.0,0.9651701,1.0
771,1928.0,15.0,0.9685611,1.0
772,1928.0,16.0,0.966754,1.0
773,1928.0,17.0,0.9624717,1.0
774,1928.0,18.0,0.9651083,1.0
775,1928.0,19.0,0.95496505,1.0
776,1928.0,21.0,0.95735276,1.0
777,1928.0,22.0,0.946827,1.0
778,1928.0,23.0,0.92968446,1.0
779,1928.0,24.0,0.9260911,1.0
780,1928.0,25.0,0.93216604,1.0
781,1928.0,27.0,0.92417186,1.0
782,1928.0,28.0,0.89644694,1.0
783,1928.0,29.0,0.8807578,1.0
784,1928.0,30.0,0.85858035,1.0
785,1950.0,12.0,0.44029927,0.0
786,1950.0,16.0,0.41221723,0.0
787,1950.0,26.0,0.39685634,0.0
788,1955.0,10.0,0.70894307,0.0
789,1955.0,11.0,0.9325389,1.0
790,1955.0,13.0,0.9633565,1.0
791,1955.0,14.0,0.9619937,1.0
792,1955.0,15.0,0.9683995,1.0
793,1955.0,16.0,0.95917755,1.0
794,1955.0,17.0,0.9692327,1.0
795,1955.0,18.0,0.9702295,1.0
796,1955.0,19.0,0.9720001,1.0
797,1955.0,20.0,0.9685343,1.0
798,1955.0,21.0,0.95964915,1.0
799,1955.0,22.0,0.954601,1.0
800,1955.0,24.0,0.95218986,1.0
801,1955.0,25.0,0.9470851,1.0
802,1955.0,26.0,0.94011486,1.0
803,1955.0,29.0,0.93933195,1.0
804,1955.0,30.0,0.93344426,1.0
805,1955.0,31.0,0.9159099,1.0
806,1955.0,32.0,0.8947854,1.0
807,1955.0,33.0,0.8583015,1.0
808,1956.0,14.0,0.60660887,0.0
809,1956.0,19.0,0.7700157,1.0
810,1956.0,20.0,0.8196125,1.0
811,1956.0,22.0,0.83722854,1.0
812,1956.0,23.0,0.8282377,1.0
813,1956.0,24.0,0.7951284,1.0
814,1957.0,4.0,0.4510981,0.0
815,1957.0,25.0,0.42005926,0.0
