,Patient_num,Date,Y_pred,Y_label:
0,23.0,15.0,0.4704835,0.0
1,30.0,11.0,0.5174265,0.0
2,46.0,7.0,0.45385164,0.0
3,51.0,9.0,0.44753793,0.0
4,60.0,1.0,0.6189292,0.0
5,60.0,2.0,0.68480754,0.0
6,60.0,15.0,0.66843,0.0
7,60.0,18.0,0.6701216,0.0
8,60.0,19.0,0.73556453,0.0
9,60.0,25.0,0.8186938,1.0
10,60.0,26.0,0.81207216,1.0
11,60.0,27.0,0.8846378,1.0
12,60.0,28.0,0.9114422,1.0
13,60.0,30.0,0.9113034,1.0
14,60.0,31.0,0.89229614,1.0
15,60.0,32.0,0.87548804,1.0
16,68.0,7.0,0.46548504,0.0
17,68.0,25.0,0.42338002,0.0
18,138.0,3.0,0.45878202,0.0
19,151.0,6.0,0.46337694,0.0
20,153.0,5.0,0.81880915,0.0
21,153.0,8.0,0.9102876,1.0
22,153.0,9.0,0.9661679,1.0
23,153.0,10.0,0.9745453,1.0
24,153.0,11.0,0.9733623,1.0
25,153.0,12.0,0.97208863,1.0
26,153.0,13.0,0.97446275,1.0
27,153.0,14.0,0.9794942,1.0
28,153.0,15.0,0.97991794,1.0
29,153.0,16.0,0.9794636,1.0
30,153.0,17.0,0.9773077,1.0
31,153.0,18.0,0.9725611,1.0
32,153.0,20.0,0.9740061,1.0
33,153.0,21.0,0.9697286,1.0
34,153.0,22.0,0.96826494,1.0
35,153.0,23.0,0.95726186,1.0
36,153.0,24.0,0.94091284,1.0
37,153.0,25.0,0.9250737,1.0
38,153.0,26.0,0.8987935,1.0
39,173.0,2.0,0.761275,0.0
40,173.0,12.0,0.8346603,0.0
41,173.0,15.0,0.9510155,1.0
42,173.0,16.0,0.9706325,1.0
43,173.0,17.0,0.9783891,1.0
44,173.0,18.0,0.9731569,1.0
45,173.0,19.0,0.9738193,1.0
46,173.0,20.0,0.9657863,1.0
47,173.0,21.0,0.9615718,1.0
48,173.0,22.0,0.95012856,1.0
49,173.0,23.0,0.9246006,1.0
50,173.0,25.0,0.89292383,1.0
51,173.0,26.0,0.86340445,1.0
52,189.0,6.0,0.48908317,0.0
53,189.0,15.0,0.4391624,0.0
54,209.0,14.0,0.4480878,0.0
55,226.0,1.0,0.45115203,0.0
56,226.0,11.0,0.4259475,0.0
57,265.0,7.0,0.46589303,0.0
58,265.0,16.0,0.46751168,0.0
59,277.0,9.0,0.46750715,0.0
60,277.0,13.0,0.43151116,0.0
61,277.0,16.0,0.40647358,0.0
62,324.0,23.0,0.785827,0.0
63,324.0,25.0,0.9398133,1.0
64,324.0,26.0,0.963457,1.0
65,324.0,27.0,0.9724338,1.0
66,324.0,28.0,0.97172576,1.0
67,324.0,30.0,0.96778554,1.0
68,324.0,31.0,0.96023464,1.0
69,324.0,32.0,0.94342685,1.0
70,324.0,33.0,0.91375875,1.0
71,336.0,5.0,0.44999403,0.0
72,336.0,13.0,0.39885965,0.0
73,336.0,15.0,0.37920514,0.0
74,336.0,18.0,0.35969546,0.0
75,336.0,20.0,0.38287684,0.0
76,336.0,24.0,0.372002,0.0
77,348.0,6.0,0.45510316,0.0
78,348.0,20.0,0.4165169,0.0
79,377.0,5.0,0.5239781,0.0
80,377.0,8.0,0.54966944,0.0
81,428.0,5.0,0.91665554,1.0
82,428.0,6.0,0.96981275,1.0
83,428.0,7.0,0.9696564,1.0
84,428.0,8.0,0.9760953,1.0
85,428.0,9.0,0.9736901,1.0
86,428.0,11.0,0.9658252,1.0
87,428.0,12.0,0.95716846,1.0
88,428.0,13.0,0.951491,1.0
89,428.0,15.0,0.94940025,1.0
90,428.0,17.0,0.9424741,1.0
91,428.0,18.0,0.9315789,1.0
92,428.0,19.0,0.90987617,1.0
93,428.0,20.0,0.8722775,1.0
94,464.0,13.0,0.7021834,1.0
95,464.0,14.0,0.80578154,1.0
96,464.0,15.0,0.8262964,1.0
97,464.0,16.0,0.82571185,1.0
98,469.0,2.0,0.81846064,0.0
99,469.0,9.0,0.94620854,1.0
100,469.0,10.0,0.96959114,1.0
101,469.0,11.0,0.9755426,1.0
102,469.0,12.0,0.97204137,1.0
103,469.0,13.0,0.9805032,1.0
104,469.0,14.0,0.97838485,1.0
105,469.0,16.0,0.9762565,1.0
106,469.0,17.0,0.9634735,1.0
107,469.0,18.0,0.96141165,1.0
108,469.0,19.0,0.95806056,1.0
109,469.0,20.0,0.96047556,1.0
110,469.0,21.0,0.95580935,1.0
111,469.0,22.0,0.9568323,1.0
112,469.0,23.0,0.95332706,1.0
113,469.0,24.0,0.9577318,1.0
114,469.0,25.0,0.95209366,1.0
115,469.0,26.0,0.93624383,1.0
116,469.0,27.0,0.9319725,1.0
117,469.0,28.0,0.9155756,1.0
118,469.0,29.0,0.90599716,1.0
119,469.0,30.0,0.8780416,1.0
120,469.0,31.0,0.85579824,1.0
121,469.0,32.0,0.80927646,1.0
122,476.0,4.0,0.6071292,0.0
123,476.0,8.0,0.6951862,0.0
124,476.0,9.0,0.686494,0.0
125,476.0,13.0,0.6883289,0.0
126,476.0,16.0,0.8302281,1.0
127,476.0,17.0,0.8773316,1.0
128,476.0,18.0,0.8883055,1.0
129,476.0,19.0,0.8597863,1.0
130,476.0,20.0,0.8405851,1.0
131,480.0,4.0,0.61802304,0.0
132,480.0,7.0,0.64362246,0.0
133,480.0,8.0,0.64562976,0.0
134,480.0,21.0,0.7674962,1.0
135,480.0,22.0,0.78649944,1.0
136,480.0,23.0,0.84250295,1.0
137,480.0,24.0,0.8618713,1.0
138,480.0,25.0,0.856301,1.0
139,480.0,27.0,0.83842933,1.0
140,494.0,2.0,0.53324914,0.0
141,494.0,5.0,0.5156579,0.0
142,494.0,19.0,0.5024245,0.0
143,494.0,20.0,0.48748332,0.0
144,494.0,23.0,0.45471963,0.0
145,516.0,2.0,0.46654186,0.0
146,516.0,9.0,0.44276887,0.0
147,516.0,16.0,0.40831265,0.0
148,532.0,10.0,0.9233896,1.0
149,532.0,12.0,0.97400224,1.0
150,532.0,13.0,0.9805196,1.0
151,532.0,14.0,0.9798591,1.0
152,532.0,15.0,0.9819967,1.0
153,532.0,16.0,0.97809803,1.0
154,532.0,17.0,0.97383785,1.0
155,532.0,18.0,0.9712937,1.0
156,532.0,20.0,0.9676417,1.0
157,532.0,21.0,0.9567201,1.0
158,532.0,22.0,0.94169325,1.0
159,532.0,23.0,0.91603774,1.0
160,532.0,24.0,0.88236827,1.0
161,552.0,1.0,0.49270377,0.0
162,552.0,20.0,0.4770203,0.0
163,578.0,7.0,0.8297254,1.0
164,578.0,8.0,0.9077057,1.0
165,578.0,9.0,0.900854,1.0
166,578.0,10.0,0.8994105,1.0
167,578.0,11.0,0.89169234,1.0
168,578.0,13.0,0.8621499,1.0
169,586.0,5.0,0.7226524,0.0
170,586.0,7.0,0.9208892,1.0
171,586.0,8.0,0.97834146,1.0
172,586.0,9.0,0.9814995,1.0
173,586.0,10.0,0.97824085,1.0
174,586.0,11.0,0.9827,1.0
175,586.0,12.0,0.9833308,1.0
176,586.0,13.0,0.98084074,1.0
177,586.0,14.0,0.97890776,1.0
178,586.0,15.0,0.97704256,1.0
179,586.0,16.0,0.97668266,1.0
180,586.0,17.0,0.96746796,1.0
181,586.0,18.0,0.9630476,1.0
182,586.0,19.0,0.9606745,1.0
183,586.0,20.0,0.9559029,1.0
184,586.0,21.0,0.9493364,1.0
185,586.0,22.0,0.9323802,1.0
186,586.0,23.0,0.906979,1.0
187,586.0,24.0,0.8806345,1.0
188,586.0,25.0,0.85325533,1.0
189,630.0,14.0,0.45290008,0.0
190,649.0,2.0,0.4491679,0.0
191,649.0,5.0,0.4067651,0.0
192,649.0,7.0,0.39635336,0.0
193,649.0,14.0,0.3962798,0.0
194,666.0,6.0,0.4847559,0.0
195,666.0,17.0,0.48170602,0.0
196,671.0,1.0,0.44562295,0.0
197,671.0,5.0,0.41126522,0.0
198,687.0,4.0,0.82210034,1.0
199,687.0,5.0,0.8903812,1.0
200,687.0,6.0,0.8902886,1.0
201,687.0,7.0,0.8916868,1.0
202,687.0,8.0,0.87617826,1.0
203,727.0,6.0,0.4864528,0.0
204,727.0,9.0,0.48434916,0.0
205,727.0,14.0,0.44367278,0.0
206,790.0,1.0,0.73363864,0.0
207,790.0,12.0,0.93012565,1.0
208,790.0,13.0,0.9618394,1.0
209,790.0,14.0,0.96981555,1.0
210,790.0,16.0,0.9749355,1.0
211,790.0,17.0,0.97769994,1.0
212,790.0,18.0,0.9789258,1.0
213,790.0,20.0,0.97762644,1.0
214,790.0,21.0,0.97645664,1.0
215,790.0,22.0,0.96456814,1.0
216,790.0,23.0,0.96003586,1.0
217,790.0,24.0,0.9512277,1.0
218,790.0,25.0,0.93501824,1.0
219,790.0,26.0,0.90824586,1.0
220,790.0,27.0,0.88109607,1.0
221,791.0,3.0,0.76166254,1.0
222,791.0,4.0,0.9116211,1.0
223,791.0,5.0,0.942088,1.0
224,791.0,6.0,0.9423529,1.0
225,791.0,7.0,0.959767,1.0
226,791.0,8.0,0.9550735,1.0
227,791.0,10.0,0.9600597,1.0
228,791.0,11.0,0.95074534,1.0
229,791.0,12.0,0.96573013,1.0
230,791.0,13.0,0.9645188,1.0
231,791.0,14.0,0.965416,1.0
232,791.0,15.0,0.95695806,1.0
233,791.0,16.0,0.95655525,1.0
234,791.0,17.0,0.9534038,1.0
235,791.0,19.0,0.95224434,1.0
236,791.0,20.0,0.9534481,1.0
237,791.0,21.0,0.9494216,1.0
238,791.0,23.0,0.9376302,1.0
239,791.0,25.0,0.9282931,1.0
240,791.0,26.0,0.91516685,1.0
241,791.0,27.0,0.8967861,1.0
242,791.0,28.0,0.86834824,1.0
243,791.0,29.0,0.8265482,1.0
244,817.0,3.0,0.4533189,0.0
245,817.0,5.0,0.46437535,0.0
246,817.0,7.0,0.431804,0.0
247,817.0,22.0,0.40742958,0.0
248,832.0,1.0,0.49353242,0.0
249,832.0,2.0,0.44584185,0.0
250,832.0,5.0,0.43975884,0.0
251,832.0,13.0,0.41118854,0.0
252,866.0,5.0,0.6091792,0.0
253,866.0,6.0,0.8313534,1.0
254,866.0,7.0,0.927288,1.0
255,866.0,8.0,0.9539729,1.0
256,866.0,9.0,0.9615664,1.0
257,866.0,10.0,0.95955795,1.0
258,866.0,11.0,0.94570524,1.0
259,866.0,12.0,0.9277606,1.0
260,866.0,13.0,0.9020203,1.0
261,866.0,14.0,0.8772528,1.0
262,867.0,7.0,0.4460286,0.0
263,867.0,8.0,0.43221694,0.0
264,867.0,17.0,0.4121278,0.0
265,888.0,7.0,0.65694875,0.0
266,888.0,10.0,0.8269753,1.0
267,888.0,11.0,0.90745527,1.0
268,888.0,12.0,0.9153904,1.0
269,888.0,13.0,0.9118487,1.0
270,888.0,14.0,0.8987239,1.0
271,888.0,15.0,0.8611079,1.0
272,902.0,1.0,0.5310955,0.0
273,902.0,19.0,0.5139195,0.0
274,902.0,20.0,0.48423734,0.0
275,902.0,23.0,0.43869197,0.0
276,902.0,28.0,0.40920162,0.0
277,905.0,3.0,0.5120599,0.0
278,905.0,4.0,0.51057875,0.0
279,905.0,20.0,0.5172484,0.0
280,909.0,5.0,0.8116954,1.0
281,909.0,6.0,0.96220976,1.0
282,909.0,7.0,0.9834398,1.0
283,909.0,8.0,0.98534065,1.0
284,909.0,9.0,0.9855363,1.0
285,909.0,10.0,0.98180586,1.0
286,909.0,11.0,0.983445,1.0
287,909.0,12.0,0.9863738,1.0
288,909.0,13.0,0.9826806,1.0
289,909.0,14.0,0.98599315,1.0
290,909.0,15.0,0.98578423,1.0
291,909.0,16.0,0.9850054,1.0
292,909.0,17.0,0.98327094,1.0
293,909.0,19.0,0.9807318,1.0
294,909.0,20.0,0.9717191,1.0
295,909.0,21.0,0.97064847,1.0
296,909.0,22.0,0.96671385,1.0
297,909.0,23.0,0.96151304,1.0
298,909.0,24.0,0.96279734,1.0
299,909.0,25.0,0.9606701,1.0
300,909.0,26.0,0.951999,1.0
301,909.0,27.0,0.939005,1.0
302,909.0,28.0,0.91808623,1.0
303,909.0,29.0,0.89284694,1.0
304,909.0,30.0,0.86134607,1.0
305,949.0,1.0,0.4805313,0.0
306,949.0,15.0,0.46536964,0.0
307,949.0,18.0,0.42909884,0.0
308,955.0,5.0,0.4800275,0.0
309,955.0,11.0,0.44328436,0.0
310,955.0,15.0,0.48005104,0.0
311,984.0,6.0,0.49265558,0.0
312,984.0,8.0,0.45230526,0.0
313,984.0,9.0,0.41600263,0.0
314,1010.0,1.0,0.7329647,0.0
315,1010.0,17.0,0.8576393,0.0
316,1010.0,18.0,0.92937,1.0
317,1010.0,20.0,0.95878124,1.0
318,1010.0,21.0,0.9691607,1.0
319,1010.0,23.0,0.96744967,1.0
320,1010.0,24.0,0.9679781,1.0
321,1010.0,25.0,0.9663099,1.0
322,1010.0,26.0,0.9594784,1.0
323,1010.0,27.0,0.94171154,1.0
324,1010.0,28.0,0.92317533,1.0
325,1010.0,29.0,0.89380896,1.0
326,1014.0,2.0,0.6603766,0.0
327,1014.0,13.0,0.81392133,0.0
328,1014.0,16.0,0.9497853,1.0
329,1014.0,17.0,0.9753373,1.0
330,1014.0,18.0,0.9821307,1.0
331,1014.0,19.0,0.9816164,1.0
332,1014.0,20.0,0.9807396,1.0
333,1014.0,21.0,0.9776652,1.0
334,1014.0,22.0,0.97757214,1.0
335,1014.0,23.0,0.9766839,1.0
336,1014.0,24.0,0.96744955,1.0
337,1014.0,25.0,0.96687293,1.0
338,1014.0,26.0,0.9571441,1.0
339,1014.0,27.0,0.95060253,1.0
340,1014.0,29.0,0.94414264,1.0
341,1014.0,30.0,0.93000096,1.0
342,1014.0,31.0,0.9110041,1.0
343,1014.0,32.0,0.8757735,1.0
344,1026.0,10.0,0.4480987,0.0
345,1026.0,31.0,0.41482425,0.0
346,1030.0,4.0,0.84819263,1.0
347,1030.0,5.0,0.89477915,1.0
348,1030.0,7.0,0.92631215,1.0
349,1030.0,8.0,0.9153768,1.0
350,1030.0,11.0,0.9070324,1.0
351,1030.0,12.0,0.8856089,1.0
352,1030.0,13.0,0.83867645,1.0
353,1047.0,3.0,0.44896287,0.0
354,1047.0,6.0,0.40832084,0.0
355,1056.0,19.0,0.47284943,0.0
356,1056.0,23.0,0.43710828,0.0
357,1056.0,27.0,0.42152512,0.0
358,1095.0,1.0,0.49776214,0.0
359,1095.0,12.0,0.4810861,0.0
360,1095.0,14.0,0.44608924,0.0
361,1095.0,17.0,0.41694167,0.0
362,1099.0,10.0,0.4526886,0.0
363,1099.0,28.0,0.41710737,0.0
364,1099.0,30.0,0.39695263,0.0
365,1102.0,6.0,0.4539169,0.0
366,1102.0,14.0,0.42075992,0.0
367,1124.0,9.0,0.8780244,1.0
368,1124.0,10.0,0.96066064,1.0
369,1124.0,11.0,0.95848763,1.0
370,1124.0,13.0,0.9745908,1.0
371,1124.0,14.0,0.97222924,1.0
372,1124.0,15.0,0.96074814,1.0
373,1124.0,16.0,0.9636487,1.0
374,1124.0,17.0,0.95798707,1.0
375,1124.0,18.0,0.9507874,1.0
376,1124.0,19.0,0.9478092,1.0
377,1124.0,21.0,0.93903637,1.0
378,1124.0,22.0,0.94095623,1.0
379,1124.0,24.0,0.9295027,1.0
380,1124.0,25.0,0.922004,1.0
381,1124.0,26.0,0.9091646,1.0
382,1124.0,27.0,0.8850483,1.0
383,1124.0,28.0,0.85180223,1.0
384,1167.0,5.0,0.4615987,0.0
385,1167.0,7.0,0.4358343,0.0
386,1167.0,19.0,0.40245932,0.0
387,1167.0,30.0,0.39545858,0.0
388,1211.0,13.0,0.4566076,0.0
389,1222.0,12.0,0.917316,1.0
390,1222.0,13.0,0.969857,1.0
391,1222.0,14.0,0.9763797,1.0
392,1222.0,15.0,0.98315847,1.0
393,1222.0,16.0,0.983413,1.0
394,1222.0,18.0,0.98057646,1.0
395,1222.0,19.0,0.9807405,1.0
396,1222.0,20.0,0.9808745,1.0
397,1222.0,21.0,0.97716993,1.0
398,1222.0,22.0,0.96751225,1.0
399,1222.0,23.0,0.9727349,1.0
400,1222.0,24.0,0.969958,1.0
401,1222.0,25.0,0.96465653,1.0
402,1222.0,26.0,0.95596445,1.0
403,1222.0,27.0,0.94999576,1.0
404,1222.0,29.0,0.9360352,1.0
405,1222.0,30.0,0.9095143,1.0
406,1222.0,32.0,0.8749721,1.0
407,1232.0,7.0,0.4527432,0.0
408,1237.0,4.0,0.88417166,1.0
409,1237.0,5.0,0.959418,1.0
410,1237.0,6.0,0.9679694,1.0
411,1237.0,7.0,0.96873456,1.0
412,1237.0,8.0,0.9588121,1.0
413,1237.0,10.0,0.95186377,1.0
414,1237.0,11.0,0.9422366,1.0
415,1237.0,12.0,0.9424531,1.0
416,1237.0,13.0,0.94055873,1.0
417,1237.0,14.0,0.9278986,1.0
418,1237.0,15.0,0.91686684,1.0
419,1237.0,16.0,0.8874258,1.0
420,1237.0,17.0,0.8683084,1.0
421,1258.0,3.0,0.49538207,0.0
422,1258.0,12.0,0.51173955,0.0
423,1263.0,6.0,0.73173285,0.0
424,1263.0,9.0,0.789759,0.0
425,1263.0,10.0,0.90868783,1.0
426,1263.0,11.0,0.91691494,1.0
427,1263.0,12.0,0.9405309,1.0
428,1263.0,13.0,0.9473686,1.0
429,1263.0,14.0,0.95268923,1.0
430,1263.0,15.0,0.9558225,1.0
431,1263.0,16.0,0.96471715,1.0
432,1263.0,17.0,0.9540611,1.0
433,1263.0,18.0,0.94821376,1.0
434,1263.0,19.0,0.95235103,1.0
435,1263.0,20.0,0.94143885,1.0
436,1263.0,21.0,0.9221038,1.0
437,1263.0,22.0,0.90919226,1.0
438,1263.0,23.0,0.88714516,1.0
439,1263.0,25.0,0.8453014,1.0
440,1268.0,3.0,0.4799355,0.0
441,1331.0,7.0,0.44617257,0.0
442,1331.0,17.0,0.4170891,0.0
443,1333.0,13.0,0.7113193,0.0
444,1333.0,16.0,0.8899037,1.0
445,1333.0,17.0,0.9195061,1.0
446,1333.0,18.0,0.927193,1.0
447,1333.0,19.0,0.9139086,1.0
448,1333.0,20.0,0.88521147,1.0
449,1337.0,3.0,0.5836468,0.0
450,1337.0,11.0,0.582218,0.0
451,1337.0,12.0,0.54603505,0.0
452,1337.0,14.0,0.549477,0.0
453,1337.0,15.0,0.5888901,0.0
454,1342.0,27.0,0.5550687,0.0
455,1344.0,11.0,0.65179694,1.0
456,1344.0,13.0,0.75075305,1.0
457,1344.0,14.0,0.77374554,1.0
458,1344.0,15.0,0.74093056,1.0
459,1384.0,18.0,0.5513866,0.0
460,1384.0,26.0,0.5131563,0.0
461,1392.0,9.0,0.4789137,0.0
462,1392.0,10.0,0.5129989,0.0
463,1392.0,14.0,0.5147823,0.0
464,1392.0,22.0,0.5623812,0.0
465,1392.0,27.0,0.59068197,0.0
466,1404.0,17.0,0.4801957,0.0
467,1405.0,1.0,0.8337143,0.0
468,1405.0,6.0,0.9609549,1.0
469,1405.0,7.0,0.9685407,1.0
470,1405.0,9.0,0.9759847,1.0
471,1405.0,12.0,0.9779408,1.0
472,1405.0,13.0,0.9769642,1.0
473,1405.0,14.0,0.96865517,1.0
474,1405.0,16.0,0.958079,1.0
475,1405.0,17.0,0.94485164,1.0
476,1405.0,18.0,0.923948,1.0
477,1405.0,19.0,0.893056,1.0
478,1447.0,7.0,0.8512639,0.0
479,1447.0,8.0,0.9584761,1.0
480,1447.0,10.0,0.9689086,1.0
481,1447.0,11.0,0.9750562,1.0
482,1447.0,12.0,0.978178,1.0
483,1447.0,14.0,0.9719517,1.0
484,1447.0,15.0,0.9673835,1.0
485,1447.0,17.0,0.9528991,1.0
486,1447.0,18.0,0.92665803,1.0
487,1447.0,19.0,0.9036734,1.0
488,1475.0,1.0,0.5160597,0.0
489,1475.0,3.0,0.4714184,0.0
490,1475.0,9.0,0.45434973,0.0
491,1506.0,3.0,0.857857,1.0
492,1506.0,4.0,0.9495492,1.0
493,1506.0,5.0,0.9702276,1.0
494,1506.0,7.0,0.97896475,1.0
495,1506.0,8.0,0.9813052,1.0
496,1506.0,9.0,0.98384655,1.0
497,1506.0,10.0,0.9796832,1.0
498,1506.0,11.0,0.9822044,1.0
499,1506.0,12.0,0.97621775,1.0
500,1506.0,13.0,0.97477853,1.0
501,1506.0,14.0,0.97240937,1.0
502,1506.0,15.0,0.96481764,1.0
503,1506.0,16.0,0.96383405,1.0
504,1506.0,18.0,0.962614,1.0
505,1506.0,19.0,0.9605339,1.0
506,1506.0,20.0,0.9589028,1.0
507,1506.0,22.0,0.9536902,1.0
508,1506.0,23.0,0.94615656,1.0
509,1506.0,24.0,0.94032526,1.0
510,1506.0,29.0,0.9258291,1.0
511,1506.0,30.0,0.90490544,1.0
512,1506.0,31.0,0.88242024,1.0
513,1506.0,32.0,0.84776145,1.0
514,1506.0,33.0,0.81047755,1.0
515,1513.0,6.0,0.6346027,0.0
516,1513.0,8.0,0.89992136,1.0
517,1513.0,9.0,0.95643455,1.0
518,1513.0,10.0,0.96503466,1.0
519,1513.0,11.0,0.9619296,1.0
520,1513.0,13.0,0.9625902,1.0
521,1513.0,16.0,0.9565229,1.0
522,1513.0,17.0,0.9468469,1.0
523,1513.0,18.0,0.92190963,1.0
524,1513.0,19.0,0.88793445,1.0
525,1530.0,15.0,0.49345466,0.0
526,1530.0,24.0,0.44024056,0.0
527,1530.0,27.0,0.41647792,0.0
528,1531.0,5.0,0.46525082,0.0
529,1548.0,7.0,0.9072619,1.0
530,1548.0,8.0,0.9544154,1.0
531,1548.0,9.0,0.9688532,1.0
532,1548.0,10.0,0.96824217,1.0
533,1548.0,11.0,0.97105265,1.0
534,1548.0,12.0,0.9691283,1.0
535,1548.0,13.0,0.97293186,1.0
536,1548.0,14.0,0.9753517,1.0
537,1548.0,15.0,0.9661845,1.0
538,1548.0,16.0,0.9566463,1.0
539,1548.0,17.0,0.95790774,1.0
540,1548.0,18.0,0.95449805,1.0
541,1548.0,19.0,0.95156395,1.0
542,1548.0,20.0,0.9485116,1.0
543,1548.0,21.0,0.9285787,1.0
544,1548.0,22.0,0.90532225,1.0
545,1548.0,23.0,0.89928114,1.0
546,1548.0,24.0,0.87946546,1.0
547,1548.0,25.0,0.83814144,1.0
548,1558.0,4.0,0.91748315,1.0
549,1558.0,5.0,0.9741765,1.0
550,1558.0,6.0,0.9792357,1.0
551,1558.0,7.0,0.9826751,1.0
552,1558.0,8.0,0.98488647,1.0
553,1558.0,9.0,0.98105687,1.0
554,1558.0,11.0,0.9717449,1.0
555,1558.0,12.0,0.97592837,1.0
556,1558.0,13.0,0.9719173,1.0
557,1558.0,14.0,0.9698734,1.0
558,1558.0,15.0,0.97163206,1.0
559,1558.0,16.0,0.96484053,1.0
560,1558.0,17.0,0.96046203,1.0
561,1558.0,18.0,0.9494411,1.0
562,1558.0,19.0,0.9371184,1.0
563,1558.0,20.0,0.9178367,1.0
564,1558.0,21.0,0.8945618,1.0
565,1558.0,22.0,0.8659922,1.0
566,1562.0,9.0,0.48759213,0.0
567,1564.0,1.0,0.4754954,0.0
568,1564.0,3.0,0.43390664,0.0
569,1606.0,11.0,0.4427126,0.0
570,1606.0,20.0,0.4060256,0.0
571,1616.0,9.0,0.5085429,0.0
572,1616.0,14.0,0.51140726,0.0
573,1616.0,17.0,0.5056567,0.0
574,1616.0,18.0,0.48368874,0.0
575,1622.0,3.0,0.46959403,0.0
576,1625.0,1.0,0.7611584,0.0
577,1625.0,6.0,0.9349249,1.0
578,1625.0,7.0,0.9717614,1.0
579,1625.0,8.0,0.97443414,1.0
580,1625.0,9.0,0.97007126,1.0
581,1625.0,10.0,0.9599061,1.0
582,1625.0,12.0,0.9731774,1.0
583,1625.0,13.0,0.9793585,1.0
584,1625.0,14.0,0.9764914,1.0
585,1625.0,15.0,0.98063356,1.0
586,1625.0,16.0,0.9751922,1.0
587,1625.0,17.0,0.9716779,1.0
588,1625.0,18.0,0.9696352,1.0
589,1625.0,19.0,0.9648364,1.0
590,1625.0,20.0,0.9528965,1.0
591,1625.0,21.0,0.9465989,1.0
592,1625.0,22.0,0.93338996,1.0
593,1625.0,23.0,0.914258,1.0
594,1625.0,24.0,0.8862426,1.0
595,1642.0,9.0,0.52963734,0.0
596,1642.0,15.0,0.51735026,0.0
597,1642.0,27.0,0.5196597,0.0
598,1650.0,2.0,0.47320324,0.0
599,1650.0,7.0,0.4320141,0.0
600,1650.0,8.0,0.4048577,0.0
601,1652.0,5.0,0.4504013,0.0
602,1653.0,1.0,0.51688004,0.0
603,1653.0,19.0,0.528267,0.0
604,1653.0,20.0,0.46244678,0.0
605,1653.0,21.0,0.41674176,0.0
606,1663.0,8.0,0.46165422,0.0
607,1666.0,2.0,0.4537542,0.0
608,1666.0,4.0,0.40973577,0.0
609,1666.0,6.0,0.39838415,0.0
610,1680.0,6.0,0.47370604,0.0
611,1680.0,10.0,0.45141193,0.0
612,1680.0,11.0,0.5156832,0.0
613,1690.0,14.0,0.45250693,0.0
614,1700.0,4.0,0.88336575,1.0
615,1700.0,5.0,0.93784237,1.0
616,1700.0,7.0,0.9761664,1.0
617,1700.0,8.0,0.9792092,1.0
618,1700.0,10.0,0.98274773,1.0
619,1700.0,11.0,0.98584193,1.0
620,1700.0,12.0,0.9824713,1.0
621,1700.0,13.0,0.98024327,1.0
622,1700.0,14.0,0.9812268,1.0
623,1700.0,15.0,0.9787194,1.0
624,1700.0,16.0,0.96919596,1.0
625,1700.0,17.0,0.9652967,1.0
626,1700.0,18.0,0.9634101,1.0
627,1700.0,19.0,0.96474653,1.0
628,1700.0,20.0,0.955115,1.0
629,1700.0,22.0,0.95186204,1.0
630,1700.0,24.0,0.93985593,1.0
631,1700.0,25.0,0.9245817,1.0
632,1700.0,26.0,0.89452523,1.0
633,1700.0,27.0,0.8625002,1.0
634,1701.0,7.0,0.5540035,0.0
635,1701.0,16.0,0.58559173,0.0
636,1701.0,24.0,0.5946886,0.0
637,1709.0,7.0,0.47579017,0.0
638,1710.0,3.0,0.72104603,0.0
639,1710.0,9.0,0.8741602,0.0
640,1710.0,13.0,0.9670993,1.0
641,1710.0,15.0,0.9786027,1.0
642,1710.0,16.0,0.983055,1.0
643,1710.0,17.0,0.9795664,1.0
644,1710.0,18.0,0.9719229,1.0
645,1710.0,20.0,0.9744649,1.0
646,1710.0,21.0,0.97612494,1.0
647,1710.0,22.0,0.97386044,1.0
648,1710.0,23.0,0.9747078,1.0
649,1710.0,24.0,0.96662015,1.0
650,1710.0,25.0,0.9514214,1.0
651,1710.0,26.0,0.9341191,1.0
652,1710.0,27.0,0.9084829,1.0
653,1710.0,28.0,0.8774139,1.0
654,1710.0,29.0,0.84254813,1.0
655,1711.0,8.0,0.51546526,0.0
656,1711.0,9.0,0.5082241,0.0
657,1711.0,19.0,0.47961456,0.0
658,1711.0,22.0,0.45118198,0.0
659,1711.0,24.0,0.42917535,0.0
660,1712.0,6.0,0.5299127,0.0
661,1712.0,11.0,0.5214294,0.0
662,1712.0,13.0,0.55046266,0.0
663,1741.0,14.0,0.8444018,1.0
664,1741.0,16.0,0.9034417,1.0
665,1741.0,17.0,0.9442781,1.0
666,1741.0,18.0,0.9549105,1.0
667,1741.0,19.0,0.9510452,1.0
668,1741.0,20.0,0.9486754,1.0
669,1741.0,21.0,0.9430906,1.0
670,1741.0,22.0,0.92489296,1.0
671,1741.0,23.0,0.9171056,1.0
672,1741.0,24.0,0.92431116,1.0
673,1741.0,25.0,0.917502,1.0
674,1741.0,27.0,0.9076849,1.0
675,1741.0,28.0,0.9020674,1.0
676,1741.0,29.0,0.88457865,1.0
677,1741.0,30.0,0.8589325,1.0
678,1793.0,5.0,0.68812525,0.0
679,1793.0,16.0,0.824243,0.0
680,1793.0,17.0,0.94909495,1.0
681,1793.0,18.0,0.9716025,1.0
682,1793.0,19.0,0.9717443,1.0
683,1793.0,20.0,0.9693056,1.0
684,1793.0,23.0,0.9694817,1.0
685,1793.0,24.0,0.9757991,1.0
686,1793.0,25.0,0.9742596,1.0
687,1793.0,27.0,0.9685969,1.0
688,1793.0,28.0,0.95972216,1.0
689,1793.0,29.0,0.9540534,1.0
690,1793.0,30.0,0.9444283,1.0
691,1793.0,31.0,0.9222249,1.0
692,1793.0,32.0,0.89731234,1.0
693,1793.0,33.0,0.8579997,1.0
694,1795.0,9.0,0.48040944,0.0
695,1795.0,19.0,0.44359198,0.0
696,1799.0,7.0,0.4936385,0.0
697,1799.0,11.0,0.6110523,1.0
698,1799.0,12.0,0.6649573,1.0
699,1808.0,4.0,0.78091997,0.0
700,1808.0,7.0,0.9155726,1.0
701,1808.0,8.0,0.936688,1.0
702,1808.0,9.0,0.9466218,1.0
703,1808.0,11.0,0.9460353,1.0
704,1808.0,12.0,0.9251005,1.0
705,1808.0,13.0,0.901238,1.0
706,1808.0,14.0,0.8594198,1.0
707,1819.0,14.0,0.49076632,0.0
708,1819.0,24.0,0.4479441,0.0
709,1825.0,6.0,0.63884455,0.0
710,1825.0,7.0,0.8714213,1.0
711,1825.0,9.0,0.9467012,1.0
712,1825.0,10.0,0.9655048,1.0
713,1825.0,11.0,0.9669747,1.0
714,1825.0,12.0,0.97101945,1.0
715,1825.0,13.0,0.9699411,1.0
716,1825.0,14.0,0.95613825,1.0
717,1825.0,15.0,0.945785,1.0
718,1825.0,16.0,0.93157536,1.0
719,1825.0,17.0,0.90848166,1.0
720,1825.0,18.0,0.87888634,1.0
721,1846.0,6.0,0.4979593,0.0
722,1846.0,17.0,0.4897837,0.0
723,1862.0,1.0,0.4439443,0.0
724,1862.0,7.0,0.40483785,0.0
725,1862.0,14.0,0.3933231,0.0
726,1862.0,15.0,0.37984172,0.0
727,1864.0,12.0,0.79569876,1.0
728,1864.0,13.0,0.95580494,1.0
729,1864.0,14.0,0.95935434,1.0
730,1864.0,15.0,0.96016455,1.0
731,1864.0,17.0,0.9742252,1.0
732,1864.0,19.0,0.9695357,1.0
733,1864.0,20.0,0.9753363,1.0
734,1864.0,21.0,0.97267795,1.0
735,1864.0,22.0,0.9738931,1.0
736,1864.0,23.0,0.9721767,1.0
737,1864.0,24.0,0.9630541,1.0
738,1864.0,25.0,0.95779717,1.0
739,1864.0,27.0,0.9527559,1.0
740,1864.0,28.0,0.94207734,1.0
741,1864.0,29.0,0.92204946,1.0
742,1864.0,30.0,0.89314544,1.0
743,1886.0,2.0,0.75627124,0.0
744,1886.0,3.0,0.9448384,1.0
745,1886.0,4.0,0.96435535,1.0
746,1886.0,5.0,0.9658124,1.0
747,1886.0,6.0,0.971192,1.0
748,1886.0,7.0,0.97634524,1.0
749,1886.0,9.0,0.9753313,1.0
750,1886.0,10.0,0.9773627,1.0
751,1886.0,12.0,0.9767129,1.0
752,1886.0,13.0,0.9788573,1.0
753,1886.0,14.0,0.9764281,1.0
754,1886.0,15.0,0.97357166,1.0
755,1886.0,17.0,0.9682235,1.0
756,1886.0,18.0,0.9589541,1.0
757,1886.0,19.0,0.9455089,1.0
758,1886.0,20.0,0.928423,1.0
759,1886.0,21.0,0.905511,1.0
760,1886.0,22.0,0.86307997,1.0
761,1928.0,4.0,0.7819516,1.0
762,1928.0,5.0,0.927543,1.0
763,1928.0,6.0,0.9532375,1.0
764,1928.0,7.0,0.9522492,1.0
765,1928.0,8.0,0.96678793,1.0
766,1928.0,9.0,0.97147256,1.0
767,1928.0,11.0,0.9803859,1.0
768,1928.0,12.0,0.97944367,1.0
769,1928.0,13.0,0.9770618,1.0
770,1928.0,14.0,0.97634107,1.0
771,1928.0,15.0,0.976948,1.0
772,1928.0,16.0,0.97247845,1.0
773,1928.0,17.0,0.97514546,1.0
774,1928.0,18.0,0.9749809,1.0
775,1928.0,19.0,0.9745429,1.0
776,1928.0,21.0,0.96778786,1.0
777,1928.0,22.0,0.9586964,1.0
778,1928.0,23.0,0.9473331,1.0
779,1928.0,24.0,0.9476241,1.0
780,1928.0,25.0,0.94377744,1.0
781,1928.0,27.0,0.9312747,1.0
782,1928.0,28.0,0.9102433,1.0
783,1928.0,29.0,0.88998437,1.0
784,1928.0,30.0,0.8666565,1.0
785,1950.0,12.0,0.44628146,0.0
786,1950.0,16.0,0.41550454,0.0
787,1950.0,26.0,0.39370885,0.0
788,1955.0,10.0,0.75797045,0.0
789,1955.0,11.0,0.9344741,1.0
790,1955.0,13.0,0.9717846,1.0
791,1955.0,14.0,0.9754655,1.0
792,1955.0,15.0,0.98279965,1.0
793,1955.0,16.0,0.98090476,1.0
794,1955.0,17.0,0.9799728,1.0
795,1955.0,18.0,0.97688484,1.0
796,1955.0,19.0,0.9754505,1.0
797,1955.0,20.0,0.9664472,1.0
798,1955.0,21.0,0.9668975,1.0
799,1955.0,22.0,0.95706797,1.0
800,1955.0,24.0,0.9588909,1.0
801,1955.0,25.0,0.9575042,1.0
802,1955.0,26.0,0.9533208,1.0
803,1955.0,29.0,0.9496275,1.0
804,1955.0,30.0,0.9384318,1.0
805,1955.0,31.0,0.9180597,1.0
806,1955.0,32.0,0.89054716,1.0
807,1955.0,33.0,0.8501311,1.0
808,1956.0,14.0,0.6374239,0.0
809,1956.0,19.0,0.7895659,1.0
810,1956.0,20.0,0.8286259,1.0
811,1956.0,22.0,0.84117496,1.0
812,1956.0,23.0,0.8133548,1.0
813,1956.0,24.0,0.77324367,1.0
814,1957.0,4.0,0.4497893,0.0
815,1957.0,25.0,0.42981538,0.0
