,Predition,Y
0,0.79135704,1.0
1,0.51805586,0.0
2,0.63080895,1.0
3,0.39133388,0.0
4,0.40593714,0.0
5,0.45285183,0.0
6,0.44810814,0.0
7,0.82819855,1.0
8,0.81633514,1.0
9,0.45143473,0.0
10,0.50029564,0.0
11,0.54225254,0.0
12,0.8845228,1.0
13,0.8916781,1.0
14,0.8796427,1.0
15,0.39151868,0.0
16,0.42485133,0.0
17,0.7759806,1.0
18,0.37270153,0.0
19,0.4313397,0.0
20,0.90587175,1.0
21,0.37778363,0.0
22,0.40704256,0.0
23,0.4209196,0.0
24,0.44366997,0.0
25,0.87851596,1.0
26,0.41180438,0.0
27,0.8369374,1.0
28,0.4899453,0.0
29,0.42270696,0.0
30,0.7982781,1.0
31,0.41944748,0.0
32,0.8173113,1.0
33,0.49064022,0.0
34,0.53544724,0.0
35,0.8035413,1.0
36,0.4275416,0.0
37,0.36537427,0.0
38,0.88802934,1.0
39,0.40991554,0.0
40,0.39205748,0.0
41,0.8871466,1.0
42,0.7879757,1.0
43,0.8878778,1.0
44,0.4652735,0.0
45,0.40015107,0.0
46,0.7672755,1.0
47,0.8619871,1.0
48,0.43085626,0.0
49,0.8338245,1.0
50,0.40991843,0.0
51,0.37109402,0.0
52,0.39524078,0.0
53,0.37040818,0.0
54,0.39812714,0.0
55,0.36449414,0.0
56,0.88896954,1.0
57,0.38799715,0.0
58,0.41035753,0.0
59,0.48280695,0.0
60,0.42474937,0.0
61,0.4126945,0.0
62,0.8581181,1.0
63,0.39546686,0.0
64,0.6989709,1.0
65,0.5238482,0.0
66,0.42033765,0.0
67,0.44849342,0.0
68,0.76731634,1.0
69,0.7656287,1.0
70,0.43107727,0.0
71,0.4011495,0.0
72,0.8221526,1.0
73,0.77797437,1.0
74,0.36474586,0.0
75,0.8929184,1.0
76,0.83802325,1.0
77,0.7459421,1.0
78,0.45217556,0.0
79,0.39747447,0.0
80,0.7883711,1.0
81,0.47222865,0.0
82,0.4174605,0.0
83,0.81552565,1.0
84,0.44530392,0.0
85,0.45557907,0.0
86,0.38312227,0.0
87,0.5139033,0.0
88,0.40998244,0.0
89,0.7636523,1.0
90,0.81217355,1.0
91,0.86102176,1.0
92,0.4168375,0.0
93,0.4125663,0.0
94,0.3721043,0.0
95,0.35364693,0.0
96,0.45296115,0.0
97,0.87878966,1.0
98,0.4718924,0.0
99,0.46198946,0.0
100,0.38776702,0.0
101,0.38814488,0.0
102,0.43734655,0.0
103,0.88669556,1.0
104,0.81183004,1.0
105,0.37805414,0.0
106,0.42316836,0.0
107,0.33164966,0.0
108,0.38661674,0.0
109,0.873229,1.0
110,0.40110326,0.0
111,0.7815403,1.0
112,0.39648578,0.0
113,0.37367928,0.0
114,0.443335,0.0
115,0.43780574,0.0
116,0.39255846,0.0
117,0.75385296,1.0
118,0.41409326,0.0
119,0.5089676,0.0
120,0.57824457,1.0
121,0.47143513,0.0
122,0.81420386,1.0
123,0.4348587,0.0
124,0.49870646,0.0
125,0.40931612,0.0
126,0.85585225,1.0
127,0.76922154,1.0
128,0.38949803,0.0
129,0.49682242,0.0
130,0.39110118,0.0
131,0.37138045,0.0
132,0.37006506,0.0
133,0.371902,0.0
134,0.37415105,0.0
